453
928
46
481
587
692
569
615
748
691
989
145
619
253
601
779
199
644
842
714
594
539
601
805
637
439
374
506
277
102
569
615
341
319
151
648
974
849
294
269
644
549
348
659
357
573
349
538
721
749
25
391
382
916
594
75
31
782
556
282
403
314
351
858
46
770
800
41
292
472
662
530
746
104
604
3
706
193
507
6
677
813
365
850
325
523
87
748
274
972
773
634
794
501
783
635
790
704
133
777
606
364
515
31
897
859
367
895
76
695
117
121
254
155
744
480
610
19
807
574
490
444
824
755
611
658
711
769
688
665
168
737
355
239
422
675
674
733
595
313
422
403
223
532
748
586
367
540
349
933
959
774
275
988
545
831
186
169
790
308
987
964
977
330
950
906
132
286
28
108
33
813
414
662
636
48
455
39
140
44
863
680
102
385
178
258
543
48
798
258
616
584
179
241
774
529
639
923
620
828
682
709
930
679
653
832
726
209
789
678
533
452
868
500
924
337
518
334
738
262
465
499
292
223
566
943
87
794
252
552
597
979
96
400
493
551
467
839
592
467
178
236
637
368
10
877
667
397
445
772
295
229
117
807
416
912
473
581
885
294
931
758
1
859
380
95
445
599
531
543
486
600
51
840
749
638
571
802
700
961
687
843
820
782
601
917
522
514
284
785
712
627
837
969
320
758
385
766
157
554
492
102
744
379
408
995
879
716
769
433
475
128
528
934
302
865
556
243
489
467
654
350
66
735
554
324
291
697
292
203
464
441
722
377
755
323
487
560
140
828
573
671
204
776
382
577
286
169
856
867
460
156
177
812
989
553
695
781
1000
398
423
20
737
762
682
593
656
151
771
54
983
982
825
249
330
642
8
472
307
929
591
52
208
8
596
932
31
149
319
908
243
156
546
192
265
129
470
255
864
519
710
893
517
144
197
657
516
65
375
903
24
77
766
204
808
506
760
758
962
724
444
212
637
63
627
604
217
706
310
254
398
354
276
155
429
681
19
352
861
958
95
101
608
937
492
487
130
877
590
332
503
788
476
617
323
737
902
419
800
975
738
468
609
331
984
111
81
886
513
555
671
370
138
599
838
759
915
253
910
846
922
560
432
150
198
639
251
947
180
664
666
591
877
32
884
436
105
791
356
235
157
217
213
737
758
887
38
967
2
280
267
562
560
995
392
551
273
438
596
484
875
83
436
129
305
528
156
49
976
931
106
666
311
230
756
243
127
361
725
693
318
238
894
761
218
373
452
927
495
430
866
540
822
117
723
169
6
497
201
648
269
507
508
756
594
804
464
755
644
906
37
987
889
320
225
370
530
293
343
334
266
733
199
981
423
839
893
30
461
503
268
440
418
671
186
595
407
367
983
513
951
92
510
953
803
561
689
683
754
185
991
163
524
753
495
14
84
243
870
336
552
982
400
938
967
199
442
999
550
909
925
562
80
985
14
906
279
24
968
184
325
536
305
747
121
239
365
879
628
588
458
302
38
438
328
141
925
644
813
934
676
344
15
474
303
795
823
107
461
272
811
500
909
877
432
22
153
108
404
661
935
268
437
120
815
791
825
736
509
797
196
707
435
440
451
654
338
289
417
547
120
13
901
837
234
300
44
461
297
109
980
564
948
633
368
683
797
74
217
389
314
959
394
600
461
443
607
348
634
192
528
142
389
839
956
615
549
308
370
92
786
776
62
313
787
292
441
515
802
723
409
436
609
586
222
235
326
472
506
995
852
403
53
59
971
277
709
611
965
214
528
90
724
922
234
770
101
440
256
606
38
285
763
10
796
26
146
22
305
308
105
121
892
713
700
537
739
580
973
897
731
745
465
679
708
947
226
134
133
187
599
293
708
636
711
103
434
777
413
491
469
799
841
641
87
90
894
961
878
22
128
485
488
934
228
512
268
460
778
531
137
757
748
293
694
646
462
865
48
620
499
469
784
63
820
356
749
330
233
897
913
756
475
415
789
789
39
361
260
32
191
124
622
272
887
203
112
466
858
789
409
544
595
739
981
967
822
133
251
560
603
465
8
233
722
462
776
257
125
71
312
929
319
135
47
173
794
105
932
89
229
977
903
325
249
644
77
364
456
918
34
589
542
461
535
55
594
420
790
466
608
601
441
845
375
364
126
704
551
682
34
104
892
561
148
469
994
610
9
172
952
588
333
856
64
347
983
702
528
171
375
618
877
896
702
986
661
323
985
743
237
606
681
91
896
507
534
962
555
185
499
262
93
481
56
697
368
42
268
114
928
367
798
9
410
649
866
628
897
953
790
